0.969197
0.962339
0.915685
0.931927
0.924939
0.916090
0.957330
0.963577
0.937855
0.921493
0.988147
0.945927
0.939756
0.898953
0.955362
0.961887
0.946359
0.914147
0.943283
0.930305
0.919033
0.931987
0.926329
0.927116
0.955889
0.893643
0.895515
0.921957
0.937440
0.913457
0.964983
0.959061
0.938049
0.969625
0.934904
0.964300
0.908331
0.950616
0.933189
0.905474
0.933451
0.926501
0.941480
0.938320
0.938914
0.931258
0.960052
0.964986
1.000000
0.958024
0.980596
0.958396
0.947358
0.953716
0.977249
0.949755
0.980445
0.974317
0.927771
0.974369
0.962251
0.925787
0.942361
0.912775
0.949102
0.900205
0.946480
0.891817
0.951643
0.962341
0.954492
0.938208
0.930261
0.986778
0.956874
0.984166
0.951450
0.903584
0.982186
0.916006
0.882639
0.958744
1.000000
0.941386
0.922826
0.929923
0.934936
0.898280
0.923409
0.956358
0.958659
0.961938
0.919658
0.942126
0.968222
0.974730
0.926873
0.928222
0.986961
0.936199
0.925712
0.959321
0.927914
0.943860
0.908659
0.919740
0.945087
0.933030
0.981728
0.893082
0.941772
0.942696
0.903709
0.920791
0.926505
0.940730
0.925076
0.903801
0.934079
0.955720
1.000000
0.972738
0.937062
0.945567
1.000000
0.910883
0.982974
0.935261
0.967250
0.914412
0.971221
0.921492
0.913205
0.942160
0.947526
0.966875
0.938574
0.947839
0.938533
0.983305
0.978534
0.994062
0.933025
0.943524
0.931464
0.989502
0.934054
0.949831
0.964571
1.000000
0.975344
0.934446
0.976025
0.974297
0.956640
0.962276
0.956839
0.939441
0.986794
0.961238
0.943070
0.922944
0.989826
0.956761
0.967381
0.942906
0.941311
0.919601
0.909512
1.000000
0.926489
0.964492
0.953153
0.965200
0.923773
0.947394
0.966577
0.957964
0.919765
0.919666
0.946587
0.981090
0.977547
0.946574
0.982018
1.000000
0.989137
0.937425
0.922831
0.914828
0.972039
0.964875
0.943383
0.949607
0.952715
0.919677
0.923920
0.947500
0.988136
0.918197
0.994607
0.958424
0.955040
0.938313
0.972559
0.959358
0.920847
0.925575
0.966573
0.968495
0.953225
0.952729
1.000000
1.000000
0.926969
0.961138
0.932930
0.916339
0.934583
0.964842
0.946632
0.983844
0.988408
0.991017
0.917017
0.986778
0.955206
0.979199
1.000000
1.000000
1.000000
0.926368
0.934991
0.948331
0.964949
0.899149
0.899434
0.910159
0.924809
0.908406
0.968634
0.962913
0.948888
0.934039
0.924139
0.931373
0.976493
0.955408
0.968785
0.922239
0.980026
0.946439
0.954866
0.929953
0.971090
0.986351
0.949623
1.000000
0.962226
0.977492
1.000000
0.984305
0.959855
1.000000
0.944177
0.968205
0.977937
0.959490
0.993666
1.000000
0.965276
0.949291
0.978865
0.937724
1.000000
0.987149
0.955405
1.000000
0.966221
1.000000
0.926633
0.953894
0.945255
0.973416
0.969455
0.893681
0.972039
0.973442
0.921545
0.927190
0.932135
0.955813
0.899030
0.936875
0.978255
0.936499
0.981625
0.934547
0.917668
0.958385
0.907359
0.929008
0.926062
0.960057
0.965977
0.968136
0.915224
0.937971
0.937516
0.935745
0.945970
0.949930
0.928073
0.992982
0.956583
0.941826
1.000000
0.927867
0.905089
0.922963
0.977269
0.974665
0.931237
0.961267
0.931814
0.928413
0.920732
0.989878
0.911261
0.977136
0.958724
0.930489
0.935134
0.965097
0.930196
0.939573
0.991501
0.981367
0.961013
0.954411
1.000000
1.000000
0.956729
0.987656
0.989897
0.939463
0.959576
0.965205
0.952580
0.953576
0.945903
0.963994
0.945277
0.938193
0.947352
0.934714
0.970007
0.955188
0.948173
0.974457
0.962393
0.966300
0.955503
1.000000
0.920875
1.000000
0.988205
0.960982
0.985595
1.000000
0.980445
0.971347
0.966990
0.958070
0.912337
1.000000
0.866012
0.916049
0.960834
0.977970
0.955095
0.935129
1.000000
0.973876
0.944796
0.988200
0.948900
0.973158
0.982107
0.971128
0.974637
0.954309
0.902117
0.957490
0.961344
0.950675
0.918788
0.939422
0.954387
0.931395
0.916151
0.914881
0.885597
0.890891
0.937928
0.878965
0.952550
0.944356
0.939595
0.908844
0.913992
0.920256
0.922397
0.939391
0.919495
0.945091
0.905520
0.957330
0.930855
0.930002
0.947088
1.000000
0.976165
0.917585
0.971021
0.976401
0.940063
0.967392
1.000000
0.947519
1.000000
0.927772
1.000000
0.923217
0.934450
0.923589
0.989743
0.954535
0.931687
0.963201
0.928639
0.968459
0.919334
0.940170
0.893907
0.987922
0.914455
1.000000
0.918404
0.938036
0.956624
0.958268
0.936380
0.962814
0.979922
0.934435
0.923474
0.890322
0.950915
0.930126
0.911122
0.929891
0.936250
0.969128
0.972266
0.924057
0.978341
0.905804
0.925668
0.965620
0.952899
0.958403
0.986568
0.951545
0.945747
0.939134
0.988970
0.943866
0.916675
0.950139
0.948695
0.934936
0.955868
0.962715
0.926601
0.931670
0.949796
0.921074
0.941589
0.954952
0.955729
0.922887
0.946298
0.914069
0.935507
0.970395
0.954094
0.944002
0.916189
0.928823
1.000000
0.938174
0.977543
0.968662
0.959437
0.951804
0.981146
0.960020
0.919719
0.962766
0.954845
0.943261
0.943960
1.000000
0.931016
1.000000
0.961475
0.977731
0.948956
0.992191
0.926117
0.946992
0.906425
0.965706
0.971829
0.948016
0.953801
0.948141
0.962928
0.980783
0.951515
0.991654
0.957638
0.976189
0.939575
0.944679
0.947699
0.980238
0.961867
0.980924
0.921625
0.954483
0.933851
0.958867
0.971794
0.912423
0.962012
0.957029
0.989900
0.962655
0.932863
0.908421
0.902045
0.908804
0.949565
0.943084
0.966461
0.952915
0.931600
0.958520
0.957138
0.942007
0.945483
0.930189
0.967432
0.959665
0.928433
0.948318
0.966191
0.952677
0.940169
0.922141
0.903917
0.976665
0.958530
0.902375
0.963944
0.937047
0.983481
0.920163
0.978078
0.976639
0.961397
0.947354
0.963508
0.979796
0.960248
0.971253
0.938673
0.910807
0.915713
0.957668
0.959887
0.951178
0.959136
0.949361
0.931056
0.931361
0.935478
0.935926
0.974577
0.941217
0.948901
0.955577
0.970187
0.951043
0.963690
0.941232
0.938134
0.925096
0.976907
0.959474
0.918514
0.967142
0.939203
0.947192
0.945524
0.950628
0.947234
0.954018
0.931456
0.933013
0.946467
0.948035
0.968936
0.938511
0.988906
0.924842
0.936818
0.962359
0.943364
0.938893
0.914315
0.909215
0.944498
0.992219
0.917454
0.915218
0.971513
0.981482
0.937401
0.973446
0.982478
0.940746
0.904547
0.947951
0.928478
0.931325
0.940939
0.987844
0.951631
0.935393
0.908760
0.932515
0.927421
0.948181
0.938736
0.908502
0.925778
0.956485
0.953728
0.922660
0.923733
0.911500
0.968756
0.959749
0.939104
0.963232
0.944894
0.937881
0.946898
0.988038
0.945073
0.933019
0.940097
0.941723
0.930319
0.936957
0.940860
0.924315
0.947341
0.955611
0.940674
0.933815
0.949446
0.927839
0.945685
0.952632
0.970236
0.942163
0.937358
0.936701
0.937709
0.902373
0.951750
0.925670
0.945430
0.932669
0.954843
0.923870
0.918539
0.975229
0.933367
0.938214
0.918694
0.918413
0.933868
0.988304
0.927563
0.953434
0.936347
0.943384
0.987498
0.937073
0.932302
0.945885
0.948810
0.913939
0.907057
0.950255
0.921220
0.981257
0.960778
0.963582
0.973178
0.959135
0.933602
0.969500
0.971983
0.962972
0.912593
0.918475
0.899400
0.876285
0.975334
0.936214
0.956257
0.950517
0.960676
0.983089
0.972332
0.965938
0.967047
0.916819
0.958403
0.952419
0.963215
0.931159
0.893446
0.930914
0.996454
0.936482
0.952063
0.967364
0.972125
0.987306
0.985814
0.927733
0.973444
0.963367
0.949221
0.954457
0.987512
0.946425
0.992296
0.973515
0.975916
0.975016
0.951083
0.989014
0.921879
0.965588
0.943528
0.956467
0.973401
0.947849
0.927959
0.931937
0.907895
0.893703
0.938523
0.955171
0.936043
0.919047
0.978398
0.958241
0.907384
0.911940
0.972302
0.966895
0.899960
0.937221
0.908483
0.943949
0.962820
0.953353
0.955099
0.997476
0.939728
0.928681
0.931758
0.961385
0.951575
0.979746
0.920548
0.940350
0.977892
0.933041
0.902984
0.978100
0.917181
0.993348
0.949976
0.961774
0.978100
0.935632
0.925093
1.000000
0.926311
0.907612
0.924936
0.913648
0.921046
0.920587
0.934488
0.922026
0.978638
0.935726
0.882264
0.997342
0.934921
0.921113
0.935669
0.982826
0.935204
0.949127
0.926987
1.000000
0.962239
0.989301
0.936276
0.985931
0.947107
0.985074
0.957015
0.954062
1.000000
0.943798
0.906591
0.936358
0.948110
1.000000
0.909278
0.946196
0.966806
0.980534
0.962968
0.932842
0.942449
0.972294
0.893467
0.965258
0.949138
0.948253
0.948541
0.933441
0.922745
0.926098
0.953883
0.969158
0.974721
0.942538
0.945031
0.942357
0.990174
0.922439
0.952245
0.974247
0.945886
0.986419
0.909412
0.966042
0.939658
0.938700
0.918835
0.911726
0.949071
0.900846
0.894924
0.941510
0.956352
1.000000
0.890600
0.928095
0.919173
0.982051
0.904175
0.952881
0.924416
0.971294
0.963165
0.972385
0.941817
0.932964
0.964753
0.953528
0.942910
0.993255
0.880157
0.944225
0.950943
0.895894
0.923867
0.940116
0.903947
0.961630
0.929813
0.967439
0.972464
0.981776
0.921572
0.974023
0.920507
0.899006
0.996548
0.973766
0.906850
0.934618
0.919597
0.916302
0.948323
1.000000
0.898515
0.922880
0.933247
0.986877
0.931917
0.971183
0.903501
0.981153
0.926932
0.939740
0.944835
1.000000
0.880369
0.898025
0.932509
0.895264
0.922221
0.982473
0.956341
0.981017
0.914308
1.000000
0.942644
0.945443
0.930211
0.953310
0.954820
0.955551
0.919769
0.973946
0.948030
0.983026
0.923423
0.931267
0.946326
0.950414
0.896292
0.959531
0.906271
1.000000
0.966927
0.941683
0.957974
0.917638
0.974632
0.952956
0.936197
0.977058
0.955590
0.985021
0.917795
0.969342
0.939490
1.000000
0.964568
0.914805
0.922674
1.000000
0.984865
0.981145
0.916582
0.930224
0.975504
0.936196
0.915654
0.911801
0.939691
0.921229
0.944318
0.926309
0.976536
0.941177
0.974749
0.970107
0.960829
0.957571
0.949268
0.943720
0.946497
1.000000
0.973070
0.967283
0.964003
1.000000
0.983606
0.942893
0.948922
0.950297
0.974159
0.972500
0.981013
0.976778
0.926142
0.930718
0.929364
0.991693
0.894287
0.956722
0.937851
0.954825
0.939460
0.950029
0.990415
0.931199
0.938478
0.961468
0.901487
1.000000
0.920965
0.969249
0.976984
0.958326
0.985439
1.000000
1.000000
0.917573
0.986534
0.949324
0.935165
0.936613
0.975375
0.941523
0.949428
0.939365
0.920246
0.996335
0.927433
0.975465
0.932530
0.987679
0.920509
1.000000
0.908086
0.898025
0.928134
0.991776
0.897577
0.947122
0.958710
0.992358
0.985568
0.975019
1.000000
0.964423
1.000000
1.000000
0.953008
0.973487
0.897421
0.964810
0.962940
0.969566
0.898008
0.956741
0.984769
0.926246
0.960682
0.987074
0.988590
1.000000
0.945166
0.973761
0.983784
1.000000
0.946033
0.971930
0.905139
0.981063
0.938746
0.954023
0.987278
0.984268
0.996142
0.977084
0.968007
0.939964
0.968271
0.985679
1.000000
0.976966
0.956446
0.940424
0.980434
0.910950
0.921247
1.000000
0.952859
0.958780
0.945585
0.949585
0.935227
0.951647
0.920264
0.965955
0.957509
1.000000
0.936582
0.973510
0.916376
1.000000
0.969630
0.949437
0.926337
0.932869
0.910638
0.986976
0.921392
0.969457
0.956515
0.924980
0.960389
1.000000
0.916200
0.937112
0.972332
0.990634
1.000000
0.982129
0.991080
0.939889
0.988910
0.926632
0.981315
0.958109
0.932196
0.969214
0.970351
0.969862
0.960505
0.986265
0.962130
1.000000
0.957029
0.961703
1.000000
0.990327
0.971395
0.985629
0.947185
0.960150
0.962647
0.979186
0.984177
0.923708
0.966595
1.000000
0.966327
0.973335
0.984759
0.932064
0.962528
0.913250
0.981706
0.971051
0.941784
0.965102
0.938387
0.989762
0.969319
0.947248
0.919049
0.972798
0.923550
0.931935
0.983885
0.975462
0.969278
0.952971
